6 1648 1746 1209 132 300 914 74 941 18 315 3713 1032 3789 16 1181 33 3237 1625 4680 518 437 253 113 406 109
828 178 42 47 792 14 8 9 825 40 2 1476 41 22 723 21 0 512 221 67 447 11 7 0 105 11
1948 1 320 6 1692 1 0 1577 1071 0 963 524 2 6 2481 1 29 824 155 1192 725 1 0 0 275 9
634 58 30 204 2646 31 135 37 1893 50 2 318 70 91 567 32 2 399 199 21 452 77 52 0 154 88
1749 252 1421 3646 887 472 424 143 340 30 63 1793 1106 4066 296 733 130 6719 3551 1650 203 414 298 579 194 247
420 8 3 2 548 454 4 4 829 1 1 404 3 4 555 1 0 298 26 197 464 0 1 0 123 54
572 15 2 7 1256 12 246 483 635 0 0 469 76 270 330 10 0 745 108 30 361 0 11 0 196 78
1148 47 9 20 1662 40 3 11 1165 0 4 115 91 91 1231 19 2 269 40 359 233 0 52 0 338 59
1374 436 2931 981 910 606 927 22 11 11 106 1734 977 6828 2732 646 62 869 2790 2603 154 1012 17 84 3 773
94 0 0 0 103 0 0 0 19 0 0 0 0 0 94 0 0 1 0 1 169 1 0 0 0 0
156 25 8 8 830 17 10 32 446 3 6 122 24 90 40 29 0 25 111 20 33 0 32 0 100 59
2131 65 115 315 3822 156 70 23 2962 1 123 1826 102 82 1547 96 2 24 187 493 585 113 26 0 2013 67
1738 439 9 3 1734 21 4 10 1464 2 0 38 360 83 957 873 0 11 96 11 408 7 11 0 94 8
1650 118 1490 1768 2854 297 3664 98 1581 50 282 144 89 397 994 100 40 86 1213 3342 324 195 64 11 156 124
385 344 799 617 139 280 757 42 393 17 212 1491 1330 4630 852 888 22 3086 938 983 1882 480 656 142 96 57
1376 20 16 8 1986 15 10 862 999 1 10 910 26 19 1238 534 0 1710 239 429 482 0 18 0 135 38
1 0 1 0 0 0 0 0 1 0 0 0 0 0 0 0 0 0 0 1 711 0 1 0 1 0
3552 288 513 652 4360 163 310 97 3073 18 285 283 643 470 2562 296 13 566 807 1054 626 201 75 3 794 123
991 49 1055 27 2362 76 24 1449 1882 7 265 567 588 320 967 1048 128 26 2295 3781 1335 12 219 0 309 45
2239 57 245 22 4755 77 14 1394 5564 1 4 422 100 96 1813 32 0 2061 359 676 884 6 126 0 995 127
513 608 481 338 436 127 293 3 480 3 18 1373 760 2248 116 543 3 1500 1667 1031 4 25 2 33 11 26
510 0 1 2 1951 0 2 0 696 0 1 1 1 3 270 0 0 4 6 2 44 6 0 0 27 0
768 38 9 34 513 18 3 250 541 1 15 71 13 173 408 18 0 121 63 15 7 0 3 0 16 28
56 0 69 0 94 3 1 24 177 1 0 7 2 0 37 150 1 0 2 130 26 0 4 1 26 5
127 42 130 57 177 16 36 19 124 3 3 163 155 131 90 173 0 101 193 81 14 1 35 11 0 73
262 106 107 63 615 51 33 57 208 4 12 94 52 16 138 99 2 49 101 69 31 7 68 0 26 59
